             precision    recall  f1-score   support

        1.0       0.41      0.48      0.44       149
        2.0       0.30      0.27      0.28       186
        3.0       0.19      0.09      0.12       139
        4.0       0.44      0.61      0.51       175

avg / total       0.34      0.37      0.35       649

             precision    recall  f1-score   support

        1.0       0.42      0.44      0.43       149
        2.0       0.39      0.17      0.24       186
        3.0       0.30      0.23      0.26       139
        4.0       0.40      0.69      0.51       175

avg / total       0.38      0.39      0.36       649

             precision    recall  f1-score   support

        1.0       0.00      0.00      0.00       149
        2.0       0.29      1.00      0.45       186
        3.0       0.00      0.00      0.00       139
        4.0       0.00      0.00      0.00       175

avg / total       0.08      0.29      0.13       649

             precision    recall  f1-score   support

        1.0       0.38      0.11      0.17       149
        2.0       0.29      0.38      0.32       186
        3.0       0.00      0.00      0.00       139
        4.0       0.29      0.60      0.39       175

avg / total       0.25      0.29      0.24       649

             precision    recall  f1-score   support

        1.0       0.39      0.50      0.44       149
        2.0       0.29      0.30      0.29       186
        3.0       0.22      0.07      0.11       139
        4.0       0.41      0.53      0.46       175

avg / total       0.33      0.36      0.33       649

             precision    recall  f1-score   support

        1.0       0.41      0.51      0.45       149
        2.0       0.30      0.30      0.30       186
        3.0       0.19      0.06      0.09       139
        4.0       0.45      0.60      0.51       175

avg / total       0.34      0.38      0.35       649

             precision    recall  f1-score   support

        1.0       0.40      0.46      0.43       149
        2.0       0.31      0.33      0.32       186
        3.0       0.20      0.09      0.12       139
        4.0       0.46      0.57      0.51       175

avg / total       0.35      0.37      0.35       649

             precision    recall  f1-score   support

        1.0       0.37      0.46      0.41       149
        2.0       0.27      0.29      0.28       186
        3.0       0.21      0.19      0.20       139
        4.0       0.42      0.33      0.37       175

avg / total       0.32      0.32      0.32       649

             precision    recall  f1-score   support

        1.0       0.33      0.33      0.33       149
        2.0       0.33      0.40      0.36       186
        3.0       0.09      0.03      0.04       139
        4.0       0.45      0.59      0.51       175

avg / total       0.31      0.36      0.33       649

             precision    recall  f1-score   support

        1.0       0.35      0.40      0.37       149
        2.0       0.25      0.23      0.24       186
        3.0       0.15      0.15      0.15       139
        4.0       0.40      0.40      0.40       175

avg / total       0.29      0.30      0.29       649

             precision    recall  f1-score   support

        1.0       0.40      0.49      0.44       149
        2.0       0.27      0.17      0.21       186
        3.0       0.18      0.01      0.03       139
        4.0       0.36      0.70      0.48       175

avg / total       0.31      0.35      0.30       649

             precision    recall  f1-score   support

        1.0       0.41      0.48      0.44       149
        2.0       0.29      0.28      0.28       186
        3.0       0.25      0.10      0.14       139
        4.0       0.40      0.54      0.46       175

avg / total       0.34      0.36      0.34       649

             precision    recall  f1-score   support

        1.0       0.43      0.55      0.48       149
        2.0       0.30      0.31      0.30       186
        3.0       0.16      0.06      0.09       139
        4.0       0.47      0.57      0.51       175

avg / total       0.35      0.38      0.36       649

             precision    recall  f1-score   support

        1.0       0.42      0.54      0.47       149
        2.0       0.27      0.28      0.27       186
        3.0       0.15      0.06      0.08       139
        4.0       0.46      0.56      0.51       175

avg / total       0.33      0.37      0.34       649

