             precision    recall  f1-score   support

        1.0       0.48      0.56      0.52       149
        2.0       0.42      0.42      0.42       186
        3.0       0.22      0.11      0.14       139
        4.0       0.59      0.73      0.65       175

avg / total       0.43      0.47      0.45       649

             precision    recall  f1-score   support

        1.0       0.46      0.48      0.47       149
        2.0       0.38      0.19      0.25       186
        3.0       0.29      0.23      0.26       139
        4.0       0.43      0.72      0.54       175

avg / total       0.39      0.41      0.38       649

             precision    recall  f1-score   support

        1.0       0.00      0.00      0.00       149
        2.0       0.29      1.00      0.45       186
        3.0       0.00      0.00      0.00       139
        4.0       0.00      0.00      0.00       175

avg / total       0.08      0.29      0.13       649

             precision    recall  f1-score   support

        1.0       0.46      0.08      0.14       149
        2.0       0.29      0.93      0.44       186
        3.0       0.00      0.00      0.00       139
        4.0       0.48      0.06      0.10       175

avg / total       0.32      0.30      0.19       649

             precision    recall  f1-score   support

        1.0       0.54      0.52      0.53       149
        2.0       0.43      0.58      0.49       186
        3.0       0.40      0.17      0.23       139
        4.0       0.64      0.71      0.67       175

avg / total       0.50      0.51      0.49       649

             precision    recall  f1-score   support

        1.0       0.49      0.54      0.51       149
        2.0       0.41      0.43      0.42       186
        3.0       0.23      0.15      0.18       139
        4.0       0.60      0.67      0.63       175

avg / total       0.44      0.46      0.45       649

             precision    recall  f1-score   support

        1.0       0.52      0.57      0.54       149
        2.0       0.44      0.49      0.47       186
        3.0       0.31      0.19      0.23       139
        4.0       0.63      0.69      0.66       175

avg / total       0.48      0.50      0.49       649

             precision    recall  f1-score   support

        1.0       0.44      0.54      0.49       149
        2.0       0.34      0.36      0.35       186
        3.0       0.23      0.21      0.22       139
        4.0       0.60      0.48      0.53       175

avg / total       0.41      0.40      0.40       649

             precision    recall  f1-score   support

        1.0       0.43      0.41      0.42       149
        2.0       0.38      0.49      0.43       186
        3.0       0.20      0.10      0.13       139
        4.0       0.59      0.65      0.62       175

avg / total       0.41      0.43      0.41       649

             precision    recall  f1-score   support

        1.0       0.47      0.46      0.46       149
        2.0       0.40      0.44      0.42       186
        3.0       0.18      0.17      0.18       139
        4.0       0.53      0.50      0.51       175

avg / total       0.40      0.40      0.40       649

             precision    recall  f1-score   support

        1.0       0.52      0.53      0.53       149
        2.0       0.46      0.56      0.50       186
        3.0       0.36      0.31      0.33       139
        4.0       0.64      0.55      0.59       175

avg / total       0.50      0.50      0.50       649

             precision    recall  f1-score   support

        1.0       0.46      0.44      0.45       149
        2.0       0.46      0.56      0.51       186
        3.0       0.28      0.17      0.21       139
        4.0       0.61      0.70      0.65       175

avg / total       0.46      0.49      0.47       649

             precision    recall  f1-score   support

        1.0       0.48      0.58      0.53       149
        2.0       0.45      0.51      0.48       186
        3.0       0.37      0.16      0.22       139
        4.0       0.61      0.70      0.65       175

avg / total       0.48      0.50      0.48       649

             precision    recall  f1-score   support

        1.0       0.52      0.58      0.55       149
        2.0       0.47      0.53      0.50       186
        3.0       0.29      0.12      0.17       139
        4.0       0.61      0.74      0.67       175

avg / total       0.48      0.51      0.49       649

